784
6
10
0.0533406237264 -0.00527505918133 -0.0502688919714 -0.0791581580767 0.0603993697784 -0.0712773465645 
0.075262507593 -0.0939949163425 0.096882387999 0.0937767041763 -0.0110412005616 -0.0173263597056 
0.00181402162007 -0.0258179702237 0.0614738603992 0.0800184443724 -0.0222735443953 0.0641040306381 
-0.037382091386 0.0980719480348 0.0432883754095 0.0860551883317 -0.0510300075194 -0.0306322991517 
-0.0149043799489 0.00820466282496 -0.0286629777501 -0.0973754207518 -0.0718113870612 0.0549744247529 
0.0353592094059 -0.050726926463 0.0318499780522 0.0555184086705 0.0842682929562 0.0526584782133 
0.0792309568583 -0.0761081118275 0.0792350991185 -0.0435706836976 0.0219674535159 -0.0689771833102 
-0.0466702300795 0.0505181798938 -0.0379384475972 -0.0712424915539 0.0670955586899 -0.0606803322191 
-0.0294293686165 -0.0960999777622 -0.0811813748841 0.0439162929666 0.0776802883578 -0.0236041142155 
0.0259167898089 -0.0109286723075 -0.095725440064 -0.0771914271471 -0.00848068217724 0.00530430332314 
-0.0619085742006 0.0893069628941 -0.0108938246095 -0.0918515338175 -0.0898755088421 -0.00630708693958 
-0.0992911534871 -0.0846944987596 0.0691463288964 -0.0254105751441 -0.0448326116531 0.0584906661509 
0.0344187102777 0.0728986135016 0.092171615633 0.0626028609241 0.0912363530185 0.0348284402118 
0.0326251699396 0.0283919251401 -0.00795789254264 0.0703693444555 -0.0938513265003 0.0938176596422 
-0.0109414980708 0.0418732892982 0.0538160099141 0.0907536888072 0.0537567348331 0.0441101443452 
0.0914084247852 -0.0504947037067 -0.0711712615843 0.0853742604483 -0.0567276416411 -0.04976623251 
0.0766152280985 -0.0502259054889 -0.0300593412109 0.0324926038606 0.0495493022134 0.0169476296496 
0.052054430061 0.058317413525 0.0441487431707 0.0318942836085 0.0690593718165 -0.000326547415583 
0.0390064644074 -0.0303974466237 0.0913233602975 -0.0774749573463 -0.0266191673137 0.0347290891536 
0.0470923104735 -0.0256026498844 0.0200661891449 -0.0297030264231 0.0385491050575 -0.0994866016382 
0.0133202839879 -0.063878891821 0.0613018698232 -0.0229615035026 0.0630507994668 0.0376201981316 
-0.0093822996146 0.0707627892167 0.0328647208684 -0.0101857358545 -0.00192784887062 0.0306521607365 
0.0728543204078 0.0108962697283 -0.0322089696112 0.0216658680864 0.0156521477064 0.0131143826111 
-0.00962584826869 -0.0849590108164 0.0274834308345 -0.0282124992178 0.0531234769167 0.0931868229161 
0.0499204600323 0.0713117211128 0.00821773036694 -0.00925985549571 0.00453577490299 0.0176076877682 
0.0712692283218 -0.0989701151657 -0.0368603928707 -0.0330683894564 0.0728689981012 -0.0742152580842 
-0.0856095563667 -0.0650302007867 -0.0204526391482 0.0046654722066 -0.0102252623527 -0.0255968609618 
-0.0128508475727 -0.0093784198268 -0.00737833866838 0.018574364227 0.0560475663409 0.0411532777501 
0.0696500900538 0.0725809414016 0.0608706828617 0.0562345394469 0.0528186847053 0.000551837745583 
-0.0899891786128 0.0371643785729 -0.0546787655881 -0.0246198059073 -0.0662214270549 -0.0485330601029 
0.00229346254052 0.0936085014107 0.0628684802825 -0.0125288435956 0.0930780091681 0.0616809993128 
-0.0237007501634 0.0804865759617 -0.0833316174881 -0.0217628068388 0.0155582840781 0.0478342485664 
-0.0139022447309 -0.0639530577636 0.0461656347656 0.0654988475311 0.0520002966675 -0.0387713099523 
0.0330811220227 -0.00544897783012 0.0834916113854 0.0508265794137 -0.0080541594934 0.029237740719 
-0.0299645335143 -0.0602986766799 -0.0136258373368 0.103484044727 -0.0234966431501 -0.0170437319971 
0.0983472589009 0.0179376816799 0.0585842880579 0.0420024543855 0.0595183755701 0.055674900371 
0.245137785844 0.0792007388465 0.0803137246802 0.104454966819 0.0157282545889 -0.0518962404189 
-0.0212247473977 0.0676784414627 -0.00406714995421 0.0928603495196 -0.0317934916795 -0.096298715573 
0.130615509295 -0.079217111563 0.0632218681509 0.0074304623037 0.0632055404795 -0.0963615013805 
0.0961184924318 0.10059974477 -0.0627196856659 0.0364111077467 0.0212217352941 -0.0544930942063 
0.0522467461837 -0.0702595097525 -0.0548184023868 0.0487669054591 -0.0820546186527 -0.0476682550397 
0.157523613631 -0.00996673443867 -0.0786855817492 0.0535905316172 -0.0268996226266 0.0906117395373 
0.0798288073922 -0.0199316915925 0.0147702569361 -0.0380571234683 -0.0422018468799 -0.0626715790645 
0.0451193421239 0.0717241957466 0.00243778086426 0.0113712939374 -0.0290578376206 -0.0128092125111 
0.0536894275429 0.071873924748 -0.0745225091187 -0.0727294886971 -0.0116784283264 0.124392601904 
-0.0563541893726 -0.0794576666639 0.0759366191973 0.036292804667 -0.0489638995925 -0.00240875229139 
0.0285645769956 0.0577249919061 0.0181769329297 0.0849092113837 -0.0182037826895 -0.0288080326941 
0.106601390966 -0.0659272448479 -0.0661186537368 -0.0718011797845 0.0664258119775 0.0767080941806 
0.114920854436 0.0985966012254 -0.0923425905532 -0.0558948839485 0.0884442474582 0.0103616802415 
0.00633179667634 -0.0277099419276 0.0151867220824 -0.0401278282388 0.0123857649393 0.0285078492235 
0.0691412908074 0.0992199335191 -0.0841679039972 0.0764146690168 -0.0908979668959 0.0672837072684 
0.0899899304692 -0.00125552277288 0.09048357749 0.00405692856111 -0.0906205256486 -0.0496974671435 
0.0997272836654 0.0475251121559 -0.0171828932584 0.0325651368225 0.095289453175 -0.0570636103935 
-0.091042561685 -0.0543946815424 -0.00665355387058 0.0109914114781 -0.0112916213626 0.0119565835114 
0.0892235997218 0.0864099373806 -0.0293736098631 -0.0251324707845 -0.0673369198254 0.0871190100603 
-0.00437084755843 -0.071269680826 -0.0153613696453 0.022563390736 -0.0468224688568 -0.0908213349568 
0.0631681797303 -0.0772509998745 0.0453974399054 -0.0476647448406 0.00777165429678 -0.0718336494074 
-0.00624876730814 0.0338642204571 -0.0328381527302 0.0224647965237 0.019677361058 0.0852197324375 
0.0321525632235 0.0748415567 0.0735171292508 -0.0319780754676 0.005767009226 -0.0783696515542 
0.0249280245569 0.0822062437847 -0.0268358347345 -0.020329477499 -0.00129784147896 0.0368727766003 
-0.0121810315946 0.0411995607376 0.0386499700201 0.060443397909 0.0642853468038 0.096543387526 
0.0161935193776 0.0756661693403 -0.037465403881 0.00986867620557 -0.0201554232028 0.0761131435044 
0.0781815948372 -0.0103194277799 0.00257594606513 -0.071414752676 -0.0449112961543 -0.0669184703849 
0.224565402909 0.0553849929084 -0.0950962781516 0.143502616983 0.0689716155468 -0.0967299808116 
0.128415720935 0.0700009235874 0.0496759558171 0.0735838502119 0.091031358403 0.102492965783 
0.137334329128 0.016704485959 0.11342641031 0.180253360399 -0.0412232320642 -0.0620061916937 
0.141256197478 0.0276372571319 0.0967341689268 0.260424617678 0.0745393296386 -0.0526129358451 
0.346233675807 0.0766125798415 0.117100565843 0.150180891054 0.0584177029384 -0.122329595476 
0.659726773655 -0.0417028965849 -0.0271063304187 0.323401565871 -0.0405403878588 -0.109714103921 
0.781628929132 0.109908305761 0.129935247425 0.270199131638 -0.0642526700395 0.0215901953861 
0.725291201628 0.0991764468274 0.0540210939154 0.203393643597 0.0545021679923 -0.117181610315 
0.424726779717 0.0779318736639 0.139686059585 0.0787683408173 -0.0311233349327 -0.158277378732 
0.350669649773 0.100165819038 0.0840129814152 0.0734196501408 -0.0149633883522 -0.0481316941514 
0.0883431140994 0.0747671836471 0.114196753781 0.255053075941 0.0373953235854 -0.185236621641 
0.227656285071 0.125781754306 0.159815762881 0.347838856221 -0.0134890266471 -0.226393501417 
0.378735602614 -0.0585263333257 0.212722527935 0.311033070529 0.0321126168518 -0.267012506757 
0.355654893346 0.122110091511 0.0364616350354 0.402429309258 -0.0026995407924 -0.0748369416756 
0.227448466424 0.0196914837152 -0.0648287748078 0.261083813671 -0.0452119883507 -0.0456052013448 
0.225341035032 -0.0640048799994 -0.0207687696109 0.185892398689 -0.0851480527958 0.0659758705729 
0.0745859207175 -0.0967077742728 -0.0624398998468 -0.084786500338 -0.00480314305661 -0.0551125673656 
0.0214824203278 -0.0377236509629 -0.087694341742 -0.00982932950202 -0.0292111628337 -0.0582699000146 
0.0468965971035 -0.0142583409949 0.0165106184591 0.0112586356369 -0.062424966496 -0.0796266906314 
0.0688785734416 -0.0586945027353 -0.0925398003171 0.0399235418607 0.00736040383032 0.0719887560064 
-0.0234984624793 -0.00522001142609 -0.0917864212957 0.0108258318254 0.0011050237141 -0.0867258334856 
0.0238197854665 0.0749742530859 0.00954001020342 -0.00586948827863 0.0583994923064 0.0758093986919 
0.0242779931798 -0.0900077048816 0.0872039221815 0.0587889804252 -0.0202621414159 0.00277982189415 
-0.0324369996006 0.0857356146544 0.0706840988526 0.0763994327511 0.0255573130591 0.0624040937295 
-0.0269954957923 -0.0411903757122 -0.0161270488989 0.0409513751368 -0.0146275387346 0.0713487764068 
0.0105029131451 -0.0811613059632 0.0264843415048 -0.102067788597 -0.0336728775713 0.0417774340917 
0.0186817323258 0.0720694617409 0.023290512599 -0.101000194636 -0.0647598776251 -0.0544509093031 
0.0515501495486 0.0713470571564 0.0519534082552 -0.0775937997098 -0.0919158605867 0.0242077124238 
0.0699508101756 0.026723621483 0.103568308706 0.126087904181 -0.0400177662913 0.0540252114697 
0.150593223528 0.114065644705 0.10573235356 0.215698065187 -0.0192207318949 0.0605056756278 
0.274842635049 0.153039133497 0.369143160906 0.396764432964 0.225621430019 -0.0599323099934 
0.487472586131 0.234418496043 0.154876963159 0.410376593686 0.351601742512 0.120049221492 
0.754280044907 0.252049893654 -0.139034876799 0.0680510139916 0.389922240585 0.159538578778 
0.944566029192 0.226928924511 -0.0848275145503 -0.268576496435 0.395552240869 -0.0019223495337 
1.19630239168 0.123009606064 -0.0738096779922 -0.148685024614 0.40227734757 -0.143871067008 
1.36298152252 0.383600785346 -0.2464365051 -0.14594464739 0.496415337885 -0.413202364239 
1.20831414058 0.287533441051 -0.134470448771 -0.11011001744 0.315933059281 -0.462308478882 
0.894283471082 0.241384770133 -0.138461735234 -0.233831774882 0.34396309247 -0.508512142976 
0.988970550232 0.299246992545 0.114020441577 0.00665707133169 0.328684118513 -0.839115575259 
1.0102693459 0.412534961247 0.461741167761 -0.0370064542071 0.397128930263 -0.974466912689 
0.97080068554 0.256254237378 0.713877267855 0.232528385008 0.142493896051 -0.910280710218 
0.999361340095 0.214592676211 0.468746559703 0.435578493396 0.00742712174806 -0.514659226849 
0.399607187786 0.105339794843 0.287305788568 0.295721740369 -0.0702284946352 -0.227727909253 
0.149444373568 0.0641889005755 0.14778149891 0.234241041697 -0.105594712655 -0.190934170634 
0.328902201649 -0.0400685329282 -0.0316990284449 0.110345917653 0.0643177382289 -0.13222306024 
0.246546124605 -0.0169746127665 -0.00478002731599 -0.0265928113228 0.00143164609394 -0.0510193918786 
0.0345957918808 0.0379379103563 -0.0255203585468 -0.042791184287 -0.0495930823035 -0.00751054040136 
0.0730850202749 0.0475123801794 0.0526339546653 -0.0298566133111 -0.00869479116212 0.0147860252452 
-0.019096860966 0.0571536222796 -0.0631884611011 0.0012013173309 -0.0523413381549 0.0694743098435 
0.0174628610955 0.0859022527495 -0.0832803137109 0.0854621175358 0.00682670285177 -0.095985300472 
0.000796957785662 -0.0892687815703 -0.073141629515 0.0613809382499 -0.0603380603639 0.0539079886629 
-0.052747778279 0.0157962591453 0.0187594682163 0.0302971787364 0.0485899003014 -0.03006074296 
0.0987818482831 -0.0208790074942 0.0701847352167 0.0966111365494 -0.0421394913877 0.0266511194858 
0.00421493488544 -0.00919823251304 -0.0447045467832 0.0443969646965 -0.013391410214 -0.015847035071 
0.0661203400249 0.154075479417 -0.0257291916021 -0.152665396961 -0.0175818832643 -0.000765812848733 
-0.00570262896619 0.123209773497 -0.0074435964714 -0.0834569513822 0.0331451813036 0.11514710041 
0.0666614125828 0.0761581886069 0.0367405413561 -0.267126784347 -0.0167532200507 0.0416413587881 
0.0372397349935 0.265728563175 0.232939020785 -0.364537703815 0.264166774379 0.0817649484963 
0.075378264679 0.328361681703 0.136386736195 -0.430793636165 0.308003015387 0.178425025306 
0.271313656227 0.226372709935 0.204751112863 -0.871000029863 0.408496044488 0.327514918908 
0.173706404184 0.325699593091 0.211205500893 -0.706621383077 0.444433737069 0.587796054212 
0.831855801305 0.245190121201 0.645407428164 -0.736593105187 0.659601699064 0.671852774219 
1.04169989661 -0.00783524077143 0.501396077427 -0.778641633805 0.650907926978 0.686170662399 
0.985090771032 -0.00526901962808 0.490249286052 -0.440509076973 0.250239685171 0.567382514287 
0.614770995179 -0.0950902820285 0.396057118113 -0.372196261346 0.216513909343 0.728909809245 
0.176646582178 -0.0814311681208 0.63708587478 -0.397723544778 0.104704090761 0.493481367535 
0.360988934583 0.262508651719 0.675122183899 -0.340231148819 0.168852444014 -0.129463560003 
0.0774947328559 0.195564106565 0.544603996741 -0.202809528323 0.257831492611 -0.706828099136 
0.173580081062 -0.0773356963149 0.826189127759 -0.21474962294 -0.0631359528771 -0.90772692535 
0.331821811987 -0.0112826585031 0.588299536458 0.155916804951 -0.280293285303 -0.645871393112 
-0.158940600827 -0.0773677478563 0.266778020907 0.675304321636 -0.2885392142 -0.401704528018 
-0.526231315855 0.233279817136 -0.00635812677783 0.696813352567 -0.167756958438 -0.301810235671 
-0.400882607253 0.0804369134416 -0.0097383236906 0.481960254845 -0.0602539833606 -0.194815953114 
-0.173490256705 0.1486373441 -0.033864962983 0.168324416644 -0.0551653794018 0.125673025095 
-0.0252442291078 0.0304387170975 -0.105138363436 0.0317629872648 -0.0611997306456 0.0185968463974 
0.0235307226231 -0.0277770495606 -0.0720284852406 0.00489228326637 -0.0473737507659 0.0720554190487 
0.0779506746737 -0.0760857752568 -0.0525115581634 -0.0101887483915 -0.0258865013814 -0.105256739365 
0.0350530542163 -0.0744803864293 -0.0237315944271 -0.0478167544261 0.0621299190623 -0.0435199201655 
-0.0654793429129 -0.049566372278 -0.0567321471288 0.061728127686 0.0267750214718 -0.066671748894 
0.0151023648135 0.0902745582247 -0.070586732579 -0.0317261426578 -0.0814143290357 -0.0606491899932 
-0.082873388987 -0.0889344068616 0.00600887156953 -0.0351652791313 0.0671796738285 0.0960949251382 
0.10309804677 0.174450855004 -0.0250190896863 -0.0181968469895 0.0041919668207 -0.00468285098139 
0.0837162314712 0.0939285117605 -0.330051042092 -0.198479345136 0.0444803108252 -0.0808240589855 
0.121873059472 0.256675792684 0.0713245623998 -0.476141121734 0.0341385296604 0.0629172222201 
-0.0650475045269 0.403595897856 0.233605712677 -0.888134076761 0.317925759839 -0.0302922109504 
-0.258008502662 0.618395582612 0.318445733996 -1.11564731009 0.507589464769 -0.0767823324781 
-0.633690276905 0.66582730848 0.481805893503 -0.927139375089 0.821416292834 -0.147534405644 
-0.729169930353 0.661605719121 0.515006408466 -0.690840329416 0.612083313508 -0.0318216288155 
-0.328550808177 0.745800417513 0.402208833743 -0.789704779308 0.509965973803 0.62236468832 
0.206619559253 0.658560699259 0.185057519368 -0.813755464279 0.428259392458 0.680791269902 
0.661130500162 0.519812757238 -0.311465272281 -0.899438072972 0.341961704974 0.842461139982 
0.77144659101 0.0220415144718 -0.622004355437 -0.538513821914 -0.0206840659172 0.77875001112 
0.728264294963 0.0222997437729 -0.680390147782 -0.930757725584 0.178748721556 0.515745905178 
0.654788017902 -0.209048032651 -0.588496933356 -0.316903178039 0.108972423757 -0.116675950683 
0.480994934872 -0.150026588938 -0.607912377412 0.138781542701 0.320981669714 -0.569292660235 
0.377843995746 -0.387051127325 -0.280845315884 -0.328383947188 0.213103743609 -0.331748183656 
-0.506108551437 -0.340067518167 -0.00186547051668 0.0561441226395 0.0827362244825 -0.523029948053 
-0.783716140248 0.0376556168448 0.0692479332907 0.18445093679 -0.152385926786 -0.531925533325 
-0.73336216771 0.125509145624 -0.0311384398084 0.476970823777 -0.546209434023 -0.338097770386 
-0.9778251145 0.314122185654 -0.192198546293 0.248613409348 -0.511309862618 -0.161383409787 
-1.0538359484 0.441970981628 -0.197361535427 0.795017521314 -0.386974171202 -0.401503527956 
-0.522757417335 0.374218733826 -0.0625287658398 0.339763357907 -0.170142472985 -0.0289200555833 
-0.0115820793532 0.174719571839 -0.189368854722 -0.0239377537489 0.147578750487 -0.0161885984017 
0.0405581695066 0.0243134882647 -0.0181967476023 0.0410099164097 -0.0853688214021 0.00277097044876 
-0.0962734474835 -0.0976893675932 0.0881517480034 -0.0477272520204 -0.000882131868068 -0.00248396977968 
0.0216858443394 -0.060672912692 0.0904365996276 0.0148771624415 0.0613351566238 0.0479771140804 
0.0385355131987 0.0205491393466 0.0144281586671 0.0331640260236 -0.0865208243325 0.057442992404 
0.0797086310378 0.0222153772863 -0.0618700817491 -0.028397406145 0.0253308403849 0.0779434955131 
-0.0244237016035 -0.0489043057899 -0.0448987992982 -0.0987006130416 -0.0527989682722 0.0609782601363 
0.14384979617 -0.0389494126088 -0.358616605076 -0.359572213834 -0.00329088432756 -0.0377528966603 
0.150360987947 0.0596191099282 -0.48872386926 -0.54685701791 0.0468940831106 0.111068664767 
-0.00514104897675 0.0897597519184 -0.00325056808351 -0.831439819667 0.223541542894 0.143358996119 
-0.0507876512254 0.303899850702 0.349962875574 -1.27600103752 0.396447328435 -0.0699790381588 
-0.325311733617 0.321168144974 -0.196915938337 -0.598271716404 0.590519080025 0.0194476284815 
-0.903911808943 0.407227095441 -0.0762462134956 -0.429898632869 0.741123577028 -0.0419026372137 
-0.873005943994 0.391909357799 -0.335681084744 -0.516086312268 0.684254676512 0.385348454169 
-0.31850313769 0.440489291475 -0.611408441285 -0.459087680768 0.158816551933 1.07002652524 
0.0141194365637 0.327805630883 -0.6437019429 -0.769793643554 0.284920292058 0.597114637535 
-0.059298770073 0.3514740345 -0.537604254138 -1.01979059914 0.13162173727 1.0862555608 
0.161391004328 0.379627729709 -0.550687827943 -0.87748769127 0.247963406502 1.37630327304 
0.490336283404 0.1564018109 -0.20725418172 -0.911142006526 0.316031783138 1.49889423942 
0.433312684712 0.151119946342 -0.338055432591 -0.381586840296 0.20778819145 1.29168818546 
0.155930901634 -0.195913436927 -0.355844522577 0.237286529255 0.268431189257 0.566449545355 
-0.172912988644 -0.0928680190167 -0.283363941297 -0.0448022630091 0.183667434424 0.86854168449 
-0.671767533166 -0.225005050335 -0.454952669123 0.228299897742 0.123314780446 0.180911122045 
-0.62275190972 0.293314899476 -0.850566653763 0.0372114855728 -0.18853035344 0.226109583853 
-0.438388708474 0.0367384645767 -0.560741916438 0.177369396517 -0.129351840767 -0.381023992642 
-0.914113240257 -0.0315315277051 -0.82491638948 0.72771648292 -0.250966824079 -0.818009764202 
-1.23715225312 0.405307579041 -0.949262574371 0.946349026402 -0.144611191294 -0.878971849204 
-0.970196500061 0.633388543665 -0.646712271167 0.671751255705 0.00941695911789 -0.404396867165 
-0.346684387414 0.476726572416 -0.425403642047 0.203333460084 0.194229979403 0.0142644638023 
-0.131067367622 0.208966085149 -0.19100786813 0.0872076329221 -0.0327479498902 -0.039035410641 
0.0707851602896 -0.0593596610461 0.0218824818822 0.0330906348574 0.100036194692 -0.0197704098188 
-0.0300797746404 0.00488781150977 -0.0769277687388 0.0165860505906 0.0914818145042 -0.0465712699855 
0.0793642832317 -0.0163688724243 -0.0718184968897 -0.0814949837124 0.0992682685978 0.0971673935493 
0.0766357693926 0.0214946873548 0.130901636696 -0.0783528289176 0.0513682686077 -0.0399698423294 
0.062961445355 -0.199323000355 -0.138400852352 -0.327552088048 -0.0360323091009 -0.0311954603144 
0.147603558513 -0.282556837044 -0.475410235861 -0.794371015673 0.0921886549985 -0.0458185615024 
0.156514212298 -0.41835787239 -0.477915187926 -0.809257055208 0.233352399628 0.149921220914 
0.249360853281 -0.493433373433 0.0930207978731 -1.25023628856 0.298015617174 0.0711765258908 
0.00245348129404 -0.530473347716 -0.0889228236542 -0.50946854147 0.45305783524 0.198395592142 
-0.566913939707 -0.543719208537 -0.521608639481 0.0118174488943 0.759215780819 0.174164407289 
-0.375604637946 -0.616628223737 -0.438399780269 -0.137447187134 1.01350344502 0.359265428618 
-0.502364963051 -0.154748059602 -0.270336666336 -0.176921170367 0.746368994525 0.552231864748 
0.033508465144 -0.0184531104086 -0.194409791825 -0.39977450537 0.347663686492 1.12892740949 
0.0375435218243 -0.151904532977 0.173058966986 -0.429652776181 -0.177743427266 1.27294515816 
0.317590536106 0.208146085724 -0.199694339904 -0.856701810624 0.00367871474687 1.56655397895 
0.179698134462 0.393137007804 -0.309277361254 -0.394748583303 0.154381531646 2.14500621363 
0.193939070483 0.646507483767 -0.341565486426 0.033861684986 0.359206515959 1.93198645111 
-0.294630026182 0.276302319323 -0.199546262856 -0.32233326464 0.468346202828 2.1125842542 
-0.214965448794 -0.162219033227 -0.693761361365 -0.163432158399 0.351810384706 1.50417244851 
-0.286109715775 -0.118654298566 -0.742919010058 0.0936954944695 0.176872308401 1.07977233162 
-0.469652384569 -0.133193275447 -0.634566291073 -0.319978035637 0.10258496474 0.710216839623 
0.167882568004 -0.0431766807542 -0.474016031326 -0.486898241463 0.0101216092942 0.551408662367 
0.0968509483256 -0.370722851063 -0.468441296179 -0.0974139690249 0.0672873789364 0.0275441824146 
-0.70187131668 -0.0218937997584 -0.519003009498 0.43778583896 -0.0442141007429 -0.642847513865 
-0.864767445336 0.555818679894 -1.19897396639 1.30034244982 -0.0215645137221 -0.433898250131 
-0.970107582802 1.0842067382 -1.2205325385 0.998814407494 0.175501685585 -0.160961236359 
-0.73618845578 0.680198759249 -0.745522170412 0.373191619587 0.186895791879 -0.0936402122489 
-0.0349417294231 0.236883914821 -0.124507222785 0.0766716572702 0.0412280238179 0.11907204516 
-0.0395878344837 -0.00620324562479 -0.0797215484924 -0.098610725343 -0.0124043655338 0.094470251934 
0.0889388704279 -0.0406349958815 0.0125641943325 -0.100324730418 0.0890307485811 0.0877675051727 
-0.0709153752507 0.0383148227383 -0.0433292984348 -0.0100665148974 -0.0101448726784 0.00955193245842 
0.0212436567204 -0.180688678487 0.160165991213 -0.0503010436458 0.0985920946404 0.0675372824109 
-0.0674959745623 -0.333032886969 0.0108633643504 -0.326899474935 0.00461408553747 0.108124987557 
-0.0827887023255 -0.363735781023 -0.203510167452 -0.898801132193 0.0136739277472 0.0211120507795 
-0.208303885622 -0.522875319418 -0.496263139821 -1.1211240878 0.217154612736 0.0406125732858 
0.329793512113 -0.714137837532 -0.376886621873 -1.05801400539 0.268991597295 0.522478507132 
-0.279964404474 -0.870982352511 -0.477338972092 -0.372197019216 0.479079770595 0.487407042923 
-0.104989155722 -0.795427890752 -0.513486100963 0.0132942665402 0.725247784132 0.273539106778 
-0.244573728546 -0.602443190604 0.0887883296517 -0.287743705988 0.879138533873 0.0978575335715 
-0.124844163539 -0.63284677495 0.123046820445 -0.278694782699 0.92029030944 0.522350917693 
-0.0628896157983 -0.27402932866 0.306054840599 -0.65017260858 0.13146310563 0.983747827679 
0.12570284742 -0.241631619547 -0.088904058367 -1.03910862394 -0.154106095793 1.38061816338 
0.113444850673 0.206146005358 -0.203546591209 -0.607931094234 -0.23511348744 1.64084808579 
-0.199183861447 0.157827177608 -0.0110908978501 -0.476358992753 0.218677416185 2.38006212546 
-0.31997673696 0.111327170284 -0.407871171132 -0.504605458947 0.00423832406107 2.03575405127 
-0.721232535687 -0.204962627151 -0.554760078694 -0.342512044808 0.189653339666 1.93211313197 
-0.748330261686 -0.374885290617 -0.112525130941 -0.414868676226 0.256460640863 1.16269849616 
-0.742305587756 -0.144783462703 -0.462567078292 -0.30831840816 0.0426864351451 0.985117249942 
-0.376121901675 0.178626477544 -0.633610332216 -0.382378207674 0.439104953289 0.834325841624 
-0.371222911728 -0.0428747061788 -0.447287586281 -0.408504233762 0.371670800027 0.584294324423 
-0.226408380323 -0.200300726727 -0.469934914379 -0.342229809596 0.0633686448966 0.404324761047 
-0.652431993087 -0.0995778149563 -0.888747410788 0.331501693538 0.134115365956 0.318296319842 
-1.11075016323 0.271758302324 -1.7070425465 1.91300340246 0.255130627356 0.448385019551 
-1.55605523349 1.18146427275 -1.64103429272 1.47671060206 0.302285997556 0.255745198472 
-1.01760790329 1.00280711039 -0.975167697042 0.359806375714 0.127704075522 0.0435059583812 
-0.216168666583 0.252174450182 -0.381534685653 0.0900336582871 0.0343233255763 0.0132235694799 
0.068936491472 0.00352374848981 0.0575023863398 -0.016494650287 0.0408032854794 -0.0756237678912 
0.0733661147536 0.0303395027161 0.0708965717923 -0.100530704811 0.0328577376316 -0.0414328761007 
-0.00896279505651 0.0360862319946 -0.0996602798449 -0.000125289652989 -0.0700959841998 -0.0214507988852 
0.0435144239974 -0.308404952354 0.0862276179728 -0.0598337509891 -0.0772361313308 0.0344715168956 
-0.253523061585 -0.421751585619 0.129328437683 -0.349550630693 -0.0192926935532 0.217845660281 
-0.181146830382 -0.589207902041 -0.0118704817752 -0.696856447432 0.0715869153851 0.114986259069 
-0.219042431014 -0.780715593403 -0.191358646678 -0.785998465305 0.128444529876 0.0900057697092 
0.0189683676941 -0.776689252687 -0.586713165156 -0.479243678145 0.291429524541 0.524530817719 
-0.073803003185 -1.06330451362 -0.493470865445 -0.256611877153 0.267532086714 0.216619325053 
0.0769985754847 -0.867506938961 -0.0080123955461 -0.00158094041522 0.529469859591 0.339723340478 
-0.0913341821453 -0.366397438113 0.54596563757 -0.0256663124748 0.80876609446 0.406994327911 
-0.427433311383 -0.603772226362 0.362808996767 0.778207571385 0.671834341146 0.810787483082 
-0.216198473005 -0.370478245787 0.0641027008586 0.691028513612 0.108479360462 0.838095114846 
-0.41058048267 -0.46836374479 0.117394766282 0.29839974038 0.259440469073 0.646877604148 
-0.35385512708 -0.723600693488 0.406616701802 0.0241414794794 -0.156386311461 1.23843649889 
0.134223720627 -0.559526174392 0.539952899585 -1.09088365581 -0.39487992611 2.00787558314 
-0.176467203513 -0.668664996699 -0.160556409453 -1.62372923332 -0.724380779883 1.47841342176 
-1.02052431004 -0.681075927768 -0.23506583485 -1.24860520441 0.0145950228013 0.758908532502 
-1.06098776486 -0.543420342573 0.136625731893 -0.940432419951 0.21346979341 0.601819420444 
-0.968240969262 -0.524369012261 0.205211030708 -0.546491011989 0.0121263199612 0.390985177604 
-0.722388109768 0.0532616441094 -0.127943862958 -0.0597031613651 0.273954042655 0.481269314295 
-0.281422485998 -0.00185422658486 -0.768792026077 -0.034089607237 0.503043357087 0.703571352578 
-0.00020644781981 -0.130650356632 -0.614775113095 -0.371003716226 0.24617585407 0.824795174875 
-0.0625665651199 -0.172742579285 -1.0270674301 0.463073449094 0.261076227432 0.944154727381 
-0.473953269233 0.0663377020987 -2.24188939033 1.39698113754 0.319521218467 0.973670384256 
-1.27246206359 1.07154352019 -2.02191204541 0.956970860045 0.182460341574 0.662533073503 
-0.887946425474 0.756035014269 -1.22476436864 0.212361572869 0.0695111621309 0.175074998932 
-0.0945653855464 0.188468314646 -0.258011545371 -0.0919297466416 -0.018020814696 0.186760578029 
0.0926197457859 0.0848001619686 -0.0586648918103 0.0307903546215 -0.0344644717595 0.0999193891647 
0.0198030404652 0.0138910635228 -0.0433606579389 -0.0545149597127 0.0149235161749 -0.0120711242103 
-0.0519056389513 0.0592230092482 -0.0655303895576 0.0193390531139 0.0585894271787 0.0721097992064 
-0.0415058929854 -0.249449032669 -0.01083210287 -0.0445856600781 0.0261125002536 -0.013874313799 
-0.161065150037 -0.376249638702 0.0165545322652 -0.355392343946 0.0900548632479 0.15174673207 
0.0376635722359 -0.663169239069 0.140947368828 -0.458069598861 0.120052449441 0.0722743693759 
-0.203234052648 -0.696330025485 -0.114422813998 -0.0630582867179 0.100913671899 0.38401618127 
-0.00853256343139 -0.557766171944 -0.0746148387128 0.320644606513 0.295751549389 0.59042487384 
0.19252328332 -0.524568968506 0.292470566745 0.805233145321 0.421023780203 0.35448488119 
0.374755018349 -0.0641825048175 0.368448270022 1.18006432715 0.498982518401 0.150258520123 
-0.364441277396 -0.226551073101 0.14748585622 1.70342375147 0.442908364263 0.413988472635 
-0.0725229662608 -0.361960138841 0.556638252936 2.029299853 0.256498857225 0.395866594163 
-0.660032222515 -0.50091090872 0.215181994599 2.75270995667 0.0940781948955 0.488385312838 
-0.434292768647 -0.861653661199 0.059942368749 2.61736986449 0.166577461164 -0.0400306124105 
-0.300884954438 -0.926395878052 0.168602398581 1.44976579058 -0.000601309941148 0.554330565418 
0.140997130182 -0.445184181471 0.0792089592877 -1.31680129888 -0.626469335203 1.64347200678 
-0.600154959989 -0.540004936733 0.203254521517 -1.72307454026 -0.680305850973 0.959044609244 
-1.11349455549 -0.845023703115 0.292883396645 -1.40396382914 -0.097149918046 0.60262708454 
-0.724592076531 -1.01643873268 0.638881541341 -0.621024550364 0.0603686916434 0.373733847289 
-0.0438929029682 -1.08575860446 0.254525817842 -0.612698452322 0.183937268261 0.175361311645 
0.0462134897975 -0.766118617967 0.359560202003 -0.147987661019 0.481301133232 0.400145753103 
0.352374080771 -0.766920261649 -0.0691705318902 -0.388332069417 0.554698456203 1.08653111845 
0.634767368144 -0.685090959808 0.0224807276938 -0.261189873253 0.433746195569 1.05726459767 
0.772595163972 -0.974339778389 -0.0389640375764 0.143585636379 0.45043712935 1.14823272156 
0.456341681553 -0.551675806325 -0.918485291449 0.534767387841 0.478847728422 1.37407410436 
-0.0859909446483 0.297132064427 -1.00919113727 0.37412071933 0.310286376039 0.652014837586 
-0.549172554662 0.3755448847 -0.465202564975 0.0273073232282 0.0283986214575 0.309413705134 
-0.122412355962 -0.031607693816 -0.0534177363718 -0.0761226928449 0.0441626539797 0.11906466164 
0.0128581201972 -0.0664557226012 -0.0421081481828 0.0196593239206 0.0727540918374 0.0625259982991 
0.0661107595038 0.0900469131044 -0.00341827706098 0.0170050411002 0.0106460147908 0.00382234944025 
-0.0859986632236 -0.00965309688322 -0.0654865415016 -0.0134820333701 -0.0448299404144 0.0508803825891 
0.015051366897 -0.195424331554 0.0337431542895 -0.0288257820586 -0.0649540803436 0.00191432717549 
-0.234346271346 -0.316406582056 0.056416092168 -0.174103462902 -0.0298548577139 0.178353065217 
-0.0450438675515 -0.302233560316 0.121358596576 -0.0903355955323 0.0898051961118 0.263803747646 
-0.230159818979 -0.176647422624 0.287189685413 0.873580355964 0.180377833336 0.558909342124 
-0.391941733201 -0.25977880699 0.0992873041999 1.48426989802 0.213796411094 0.363690865258 
-0.226600242879 -0.122820050087 0.593223983652 1.98822104422 0.410115480635 0.245622037426 
-0.0623501962694 0.253580570415 0.675698256779 2.54387328708 0.556314393632 0.092590012022 
-0.361413950672 -0.159480233974 0.224819026651 2.77309428785 0.467929295662 -0.0324774187505 
0.170247668855 0.0033727383928 0.0483557884175 2.23665756983 0.313946612891 0.0185992496079 
-0.47985177031 -0.0571771681348 -0.326469399407 2.15610987999 0.506361640847 -0.0991523806153 
-0.650175465701 -0.226326794471 -1.05712899661 2.35600137665 0.213797947272 -0.752988988501 
-0.719011626297 0.280267914336 -1.56796865275 2.03795972415 -0.471296087973 0.0536662670014 
-0.312454761251 1.01964722179 -0.84136627678 -0.186147323668 -1.17748440187 0.64379089971 
-0.827673810987 0.568745041088 0.159473396064 -1.61844573694 -0.975176878759 0.58470446808 
-1.12847559996 -0.13525810668 0.603902813738 -1.18707478678 -0.311500837463 0.163778062562 
-0.650905779658 -0.622216136859 0.839756795842 -0.437580174324 -0.0427036854304 0.760978345696 
0.288197245599 -0.833974942691 0.557384269278 -0.432537096444 0.226426310499 0.588208817985 
0.662675804063 -1.04310749462 0.689818025246 -0.0943786987121 0.630147853632 0.479207812701 
0.976122049506 -0.957158165706 0.905714637049 0.0118865875974 0.553940725331 0.802900333512 
1.12181087054 -0.704533486563 1.60772958988 0.0880929709382 0.367627390909 0.792837074614 
1.22286714434 -1.0359281103 0.792342257607 0.223359193674 0.305303723168 0.724378444029 
1.20472905719 -0.906579584051 -0.238783755202 0.478572856011 0.356088322987 0.562636916818 
0.492781982366 -0.379024258089 -0.345240760126 -0.0968892205247 0.210589624859 0.483116324118 
-0.0206051886684 0.061724525668 -0.189510216758 -0.163630803974 0.185297481858 0.288302416899 
-0.13583171559 -0.00281901620141 0.0121291858775 -0.0261949509026 0.0688511013225 0.0567812638555 
-0.0383043270338 0.065955479029 -0.0434536539264 0.0742789292707 0.081349426819 -0.0798943794937 
-0.0204246415525 0.0698039947038 0.0797639212835 -0.00438267763222 -0.0746871427653 -0.0375623628521 
0.0914895203124 -0.00864390107663 0.0128107630799 -0.0113170681762 -0.0569627650895 0.100466686461 
-0.0557103771862 -0.0578949140294 0.0799300904194 0.0520557670465 0.0593012302769 0.0504668766523 
-0.196571552219 -0.10759740367 0.139283643524 -0.0495746720791 0.0518388219865 0.0670694634017 
-0.174664931684 -0.0530892065609 0.319133945305 0.353874979503 0.0194896022298 0.30307531074 
-0.490587385811 0.121107374128 0.201982440599 1.11871726161 0.127826464132 0.29011966237 
-0.74153639386 0.18438532023 0.0955222884627 1.93981321512 0.0779003237259 -0.017487370826 
-0.596797599369 -0.122053801169 0.421283768337 2.33964573544 0.327429419073 -0.400793228054 
-0.579614348031 0.0800690381783 -0.0265556459923 2.40199178919 0.400983449506 -0.623469519605 
-0.487223911785 0.161536775336 -0.264009418294 1.79685671054 0.44097701301 -0.419497110429 
-0.581695176298 0.295315356471 -0.671893851136 1.02137227388 0.411000981186 -0.361963168553 
-0.859320861556 0.604379283167 -0.914968223895 1.26711111117 0.530754827563 -1.49501292162 
-0.822149886922 0.331642246239 -1.45971411134 1.31105726748 0.0487024562595 -1.60852198527 
-0.468645907189 1.37117369676 -1.33632689153 1.7705343076 -0.645225508335 -0.63038849959 
0.560730432528 2.59154232241 -0.713433267428 0.338517134381 -1.40091038457 0.398039725283 
-0.269338664266 1.0548944011 0.211916011833 -0.7368677793 -0.879833051003 0.1850903768 
-0.908420446541 0.310990091341 0.603519946132 -0.240497569947 -0.342055016782 -0.152227511656 
-1.21794568213 0.499628394451 0.518029548366 0.325246246626 -0.0615151492726 0.0763894737616 
-0.709624089202 0.478815793491 0.509492695971 0.364323272895 0.0815152002898 0.230133687636 
0.490753507262 0.227991938083 0.937616148139 0.267979514532 0.512394321043 0.5454922443 
0.979318539498 0.0867678897953 1.28807190244 0.27878202955 0.465762342598 0.680041895579 
1.14528555825 -0.427688723506 1.62100407075 0.616244265009 0.188883801656 0.407228430084 
0.918693951309 -1.07546969851 0.925845355229 0.872361950551 0.155412133407 0.328376732172 
0.946686249403 -1.25602516286 0.0581426478412 0.804157845683 0.0443008128349 -0.379580612397 
0.464284315371 -0.607272329293 0.09429511378 -0.0181983382423 -0.0124715593061 -0.0996080591875 
0.094512795164 -0.124278324786 0.0529357517829 -0.162630928047 0.113104532491 0.0941240034658 
-0.188776634345 0.0433646674609 0.0320450194211 -0.0911081657732 0.1692226718 0.139748838246 
0.00363213587055 -0.0940242415504 -0.0219300114013 -0.0694339163839 0.0463273482845 0.0701078896132 
0.0871060924464 0.0328270742276 -0.0224442407843 -0.0226502385418 -0.0977022911557 0.0790972053018 
-0.0316071753281 -0.00542673835284 -0.0201816722411 0.0780743618379 -0.0361675921651 -0.03506951269 
0.0700503159111 -0.0564411127191 0.0895518877734 -0.0412802191875 0.0885704645619 0.0955800723961 
-0.0152165952638 -0.105037172097 -5.43117289989e-05 -0.00772159612471 -0.094297300671 0.0984844834817 
-0.543454383024 0.344619191538 0.343227167239 0.605085404912 -0.0331880818848 0.144147892657 
-0.901448696316 0.462455985571 0.488244225879 1.38130326724 0.114450536161 0.108984065941 
-1.0873257498 0.0526137959732 0.179242999617 1.91902366673 0.153167605821 -0.72577716639 
-1.26617051588 -0.11816461617 -0.289982856166 1.60652251464 0.305251240434 -1.15087098714 
-1.1294629778 -0.181901839597 -0.327153806524 1.23855715666 0.278321052108 -1.15602736013 
-1.10351038652 0.813260326013 -0.443568542395 0.625583761532 0.490396457159 -0.734846317925 
-0.903240679432 0.162561549873 -0.175340237027 0.387742932072 0.817027994523 -1.00719381541 
-1.02314802202 0.491086720807 -0.583298707843 0.726410031737 0.911475822012 -1.95805959019 
-0.250370569392 0.832434072562 -0.847229337574 0.585715822382 -0.208207668161 -1.43354334778 
0.744552837727 2.18878918344 -0.542969984679 0.232024758165 -0.763314394918 0.00171366831067 
0.861241252772 2.65992564381 -0.200004530757 -0.326556244883 -1.50238453884 0.643035464647 
-0.80490070662 0.618116456002 0.410270035641 0.0687173354789 -0.560138585357 -0.392933469181 
-0.794476513508 0.0786220632911 0.793085903402 0.272421214793 -0.342084438476 -0.195841034576 
-1.37381469449 0.521793930425 0.939624572633 0.434943569852 -0.286102975861 -0.477662499304 
-0.735086066357 0.893078930968 0.908419216745 0.468716157643 0.468580003954 0.200284407998 
-0.225276720461 0.90965794502 1.52130035847 0.555139538382 0.479950925604 0.259535818091 
0.294648413078 0.605627407332 1.47706836859 0.310941234699 0.447219425792 0.0918291207857 
0.390172341642 -0.336668051575 1.14414738317 0.770444185912 0.314722156745 0.280757801405 
0.51615647668 -0.938061221613 0.407811024554 1.1048035985 0.17658422341 -0.120597900948 
0.859396050741 -1.28000386735 -0.171700745096 0.700163860348 0.0664735003848 -0.723185100791 
0.60783848476 -0.687944016075 -0.162710247731 0.0831298669247 0.131327163561 -0.592223202115 
0.0311747297669 -0.0538705391099 0.0473971600339 -0.246188472881 0.222891164835 0.00675242201313 
0.0233193365089 -0.0774632262858 -0.0586746812973 -0.130473612809 0.0632458963096 0.0434626012826 
0.0125670116173 -0.0239454226383 0.0673306239772 0.0535807259802 -0.0331394868233 0.0945935802364 
-0.0519737407369 -0.0559974472592 -0.0627880566304 0.00226296948049 0.0031449922011 0.0229337970867 
0.0337863499927 -0.0908058944198 0.0828549253169 -0.0749041052655 0.0684860640527 -0.0384877397217 
-0.000738020647718 -0.148475233446 0.00182697683696 0.0685019761645 0.0961166448664 0.00494792727553 
0.00031889645029 -0.0517665995039 0.0710625584537 0.0136753493479 -0.0244591459149 0.121142957562 
-0.65093922307 0.316799439989 0.413413809887 0.277185195834 -0.0659878550155 -0.12666273677 
-0.801439627982 0.684505323783 0.391107339559 1.16333009127 0.0557533966715 -0.459971914998 
-0.864220692018 0.434374472368 0.244431035097 1.66722958517 -0.0181125844913 -1.01882238716 
-1.04353929799 -0.243697123813 -0.0775530737987 0.892136202555 0.254786492963 -1.47729401333 
-0.79811075163 -0.276711589794 -0.116706570982 0.249400313661 0.350338069889 -0.835991083702 
-0.610826283215 0.794363330978 -0.0685758907471 0.325360019647 0.603733866904 -0.905610956 
-0.610606956083 0.0508572954095 -0.0918461427421 0.604561124409 0.922024909714 -1.42775741489 
-0.0193321621086 0.114341592894 -0.0955798960936 0.827915671204 0.758048359621 -1.91646125797 
0.0365683304622 1.21011348456 -0.0491242339493 -0.0207683501435 -0.264723396537 -1.25552136865 
1.01939374702 2.7368662274 0.301251566265 -0.288689061355 -0.841937478098 0.192918289573 
0.710440703521 1.60701213806 0.331207792892 -0.671999847082 -0.816190670828 0.266764689162 
-0.128852553045 0.0706413677648 0.620519365126 -0.0427619594634 -0.256672037779 -0.544984138637 
-0.248760667868 0.405643053917 0.794605239347 0.145234172113 -0.264260279665 -0.776328023688 
-0.905508813163 0.388478601309 0.921763330663 0.242288657092 0.170087068321 -0.64435898958 
-0.132324131073 0.547993786071 0.854852104116 -0.272887846956 0.677201384401 -0.257604289712 
-0.0776681158375 0.795080058423 0.774522750273 -0.204484488024 0.631342239451 -0.613534473077 
-0.0520695547985 -0.142662385588 0.891383480169 0.233804751085 0.300798797701 -0.351823055255 
0.00762571387539 -0.575384197909 0.32610641506 0.30899776567 0.171919096855 -0.331796357891 
0.0736427861906 -1.04248222551 0.119311185877 0.39019102326 0.2262497937 -0.58684856752 
0.38427522809 -1.07083707232 -0.321858020103 0.0578147550476 0.125001567189 -0.892478310721 
0.30156827311 -0.506439304138 -0.254600355496 -0.236510701363 0.0655964921099 -0.73117184599 
-0.0592268829689 0.0299313731969 0.075625953288 -0.402148780241 -0.0532465587991 -0.200128117167 
0.0694034041581 0.0914362461335 0.0533392093894 -0.0970497769033 0.0235816123474 -0.0678987887173 
-0.0975411993948 -0.00777187724774 -0.0951555861343 0.0365162333116 0.0478145474728 -0.0929930423573 
0.0270019413739 0.0551302576168 -0.0913229004925 0.028195288 0.0462436775753 -0.0667756510121 
0.0643996225852 0.0263957871431 0.0539196823372 -0.0132386446377 0.0832929979898 0.067736977528 
0.0227918006354 -0.0722198496922 -0.0506299438129 0.0158850491492 0.0662788103806 -0.0673307470675 
-0.0868875608935 -0.0602477525406 0.00871231902584 0.0212863031389 0.058727544111 -0.00578100697496 
-0.510661664579 0.14742612004 0.131188296097 0.0605834294998 0.0419664634176 -0.148717965165 
-0.450506917992 0.382134871542 0.117513782577 0.450767609873 0.227458461067 -0.495497701818 
-0.599516726311 0.53328695153 0.460694497359 0.569315055004 0.119571979005 -1.08355449099 
-0.403064193641 0.260707955692 0.547035941578 0.575063715917 0.171859234148 -1.06165616168 
-0.40896573739 0.223397144829 0.209742577486 0.196501709235 0.356105290704 -0.58248678186 
-0.0745960695082 0.17289131756 -0.320043932376 0.342546451432 0.524334308804 -0.736591405301 
-0.0330894295141 -0.713307901903 -0.252392784019 0.873075628958 0.727984773886 -0.40959051436 
0.145101596142 -0.0169931498804 -0.10228157374 0.364644521633 0.258789631494 -1.444981351 
-0.0452899884997 2.45068867826 0.0496623036759 -0.145341421464 -0.381481777769 -0.968231651873 
1.30939551338 2.56235549837 0.329607825615 -0.00462226470311 -0.520646367418 -0.104462195864 
1.45060205006 0.784730585209 0.389728873958 -0.374257791889 -0.667142355273 -0.4265818206 
0.236349843969 0.164806248934 0.798069966086 0.0957248559876 -0.107340017121 -0.552152756317 
-0.408836470804 0.483405378422 0.933647696606 -0.127422876878 -0.191876161691 -1.08658143555 
-0.993005131668 0.177519246307 0.939410426479 -0.594223559683 0.471244943955 -0.734910302708 
-0.571975609884 0.132696391643 0.585486298922 -0.848109471656 0.677527375283 -0.203513536017 
-0.545791023588 0.0656566922205 0.0730582115999 -0.314200102308 0.401138538371 -0.325390980131 
-0.373695283976 -0.675222140045 0.309975898973 -0.14040759528 0.340001266733 -0.650277606558 
-0.165098965172 -0.83157346481 -0.234058963856 -0.153498304781 0.262148404673 -0.601730408821 
-0.369542922047 -0.612149958757 -0.406907752158 -0.0593576613039 0.27545313679 -0.905700489068 
-0.0787517872706 -0.700874542522 -0.230749503628 0.341227839762 0.228439812275 -0.717914100585 
0.149095655861 -0.348082686753 -0.0646757294056 -0.190069198821 0.118612455349 -0.41929394041 
0.00712528573162 -0.0113572981678 0.262647641974 -0.521745647209 0.0190206800821 -0.0634979310149 
0.100116360541 -0.047474012941 0.0823899069057 -0.120399132069 0.0102717641381 -0.00346445713557 
-0.0782684242926 -0.039696340885 0.00404741737459 0.0363725901944 0.0549291785322 0.101467068127 
-0.0375854492969 0.0857850927302 0.0631836924389 0.0121559145558 0.075490240648 -0.0471360417124 
-0.0799740145837 0.0445121889798 0.0264943682346 0.00409220346199 0.046474603403 -0.0357511561787 
0.0365508158783 -0.0702158344289 -0.212229977989 -0.024225923253 0.0070259103223 0.0739974750263 
-0.0655505474654 0.166261772599 -0.208334529046 -0.359699199869 -0.0897116548655 -0.150754929929 
-0.0220672282729 0.163793380912 -0.176676877857 -0.496940365598 0.0736999675619 0.0453565323691 
0.207966047382 -0.115063131311 0.122505950144 -0.621422291614 0.0299052998843 -0.349937238417 
-0.340103801839 0.00308162020365 0.647250587313 -0.216002953877 0.306137195452 -0.646391223371 
-0.246755331191 0.20252377247 1.05100866989 0.22424733393 0.481702746349 -0.869412301633 
-0.316248165897 0.19458165247 0.779526382972 0.0482051587656 0.592138583155 -0.0890067459329 
-0.0911320648134 -0.0481720409135 0.018485352299 0.344030086523 0.389411985834 -0.306823926545 
0.558406226388 -0.679544120101 0.229655077886 0.538071411142 0.255896539409 -0.247316827938 
1.19199686704 0.643713212137 0.436496053078 0.574239662026 -0.0314893532186 -0.854483664722 
0.517169454271 3.02691307597 0.743971442176 0.364445681353 0.0382603353327 -0.279478433249 
0.588767838 1.74893297623 0.559967400842 -0.481388393262 -0.523418943915 -0.0259709836939 
0.621636607774 0.245526823779 0.396849609039 -0.736553867618 -0.708268745924 -1.21650721437 
-0.259977308208 0.424590946235 0.652864447879 0.195227166702 -0.049378744813 -1.0751579587 
-0.904045742968 0.610684304431 0.756186392392 -0.443854579492 0.275155515977 -0.695991541127 
-1.46061259963 0.0972156410522 0.896254888492 -0.790898700284 0.888790179971 -0.637650825881 
-1.15304305845 -0.207701124129 -0.276312075564 -0.879838023903 0.446294675448 -0.105411672917 
-0.413644239133 -0.825762317587 -0.253200557856 -0.106435734639 0.379295650032 -0.465808137211 
-0.782507983369 -0.609714545167 -0.310908629642 -0.173742636098 0.287216718388 -0.53007777516 
-0.275134287122 -0.382112611477 -0.767054265654 -0.496616704911 0.293763291844 -0.705441665328 
-0.0852320615345 -0.324446275031 -0.564416243129 -0.485329836475 0.142552584712 -0.620111838489 
0.456198626892 -0.284110801387 -0.246249682681 -0.147866390833 0.116127240826 -0.382946465936 
0.228143827392 -0.0568403088509 0.184153171886 -0.120671147398 0.184113884635 -0.0840969530986 
0.097343013362 0.0470380362899 0.366107040521 -0.629280691586 0.103569238187 -0.133921938007 
0.144689473262 -0.0607587171752 0.109209974673 -0.192025886419 0.0639425478875 0.151395367854 
-0.0334958012881 0.0303091937077 0.0816114529785 0.0289051272047 0.054587152244 -0.0038285473381 
-0.0666524424525 -0.0167742791082 -0.0527493214859 0.0764739546474 0.0165694570504 0.0900972245266 
-0.0065506387951 0.0701008825759 0.00182625680229 -0.0260182924118 0.0298696540817 -0.0131264613353 
0.11192456934 0.0461154413245 -0.0879137866226 -0.0574436814368 0.0973386801996 -0.00664447056178 
-0.0547628836039 0.29570295093 -0.351956520534 -0.421456734066 -0.00694720420302 -0.14454813641 
0.27255587497 0.214004345102 -0.387969199815 -0.997417101703 0.102166119784 0.186138242559 
0.625889466202 -0.293567251991 -0.284415686859 -1.13284488573 0.117085027085 0.0585597970759 
-0.269310747475 -0.434125309591 0.167693979748 -0.0609996769396 0.497212373882 -0.405046550282 
0.0496576060628 -0.235111062196 0.8240546348 0.0705077381224 0.607765852515 -0.885133157571 
0.277836855329 -0.187429252423 0.6393015475 0.202371338217 0.519772357273 -0.781409784326 
0.312612783816 0.232414981273 0.654704731813 0.788339525276 0.407671434054 -0.310446498194 
0.639220517788 0.232582976393 1.05663289907 1.10964961727 0.112481784697 -0.425023614188 
0.995965094481 1.17300601667 1.61074134382 1.32927322231 0.25715142769 -0.313339052519 
0.686580372075 2.26281500112 1.35760966154 0.397267780976 -0.0606434371616 0.36925082864 
0.210225949974 1.20059727504 1.5107569106 -0.96942556834 -0.556309955204 -0.67205424529 
-0.0915749139379 0.258768090224 0.685258732159 -1.30480292659 -0.60778363554 -1.26431048188 
-0.449679339645 0.364091693428 0.457321747763 -0.146593547494 0.191540280094 -0.668723696351 
-0.669916647208 0.42809246737 0.0345466519807 0.0253181529508 0.654865886492 -0.212835211769 
-0.717467793709 0.331966050219 -0.267177399629 -0.663063475125 0.739898586966 -0.479295881714 
-0.329378954588 -0.225137932969 -0.767821507631 -0.304670639776 0.390456923002 -0.414685707986 
-0.12229369598 -0.556420028548 -1.14413247207 -0.0388197081812 0.28314307528 -0.362957745521 
-0.250063330624 0.0465428416223 -0.826694462802 -0.086180592056 0.353109122379 -0.453575707139 
0.393023885361 0.0440621377981 -1.06559112003 -0.242256921283 0.326704031448 -0.196203378309 
0.539478889458 -0.161133915573 -0.418840126758 -0.697499591408 0.354466572975 -0.175747837568 
0.754524521418 0.0457870296049 0.122602634968 -0.420462555889 0.205347448512 -0.0990701145627 
0.389119946341 -0.11047361972 0.541792974838 -0.513170779903 0.310769076976 0.172841937961 
0.189535720493 -0.0883620367839 0.440612776939 -0.606239167204 0.151673541759 0.0752098400207 
0.105410925583 -0.0543960043151 0.103878881288 -0.194072414737 0.105227033283 0.0344563474732 
0.082562135532 -0.0378976860776 0.0799304145722 -0.0600415840419 0.0924282428353 -0.0887090289894 
-0.0517531258384 0.0982324283424 0.075239333435 -0.0278691331492 0.0969018545818 -0.0566672992445 
0.091911391313 0.0341114225625 -0.0808318337671 0.0384512452939 -0.0433629636675 0.0760196261254 
0.085699330191 -0.0289455993397 -0.105290385551 -0.187292352875 0.0109502005849 -0.0687712357399 
0.0245195666914 0.580355490363 -0.339727737498 -0.857007737725 0.0227156188278 -0.102066329535 
0.235313662757 0.319360658157 -0.463508517529 -1.29867742923 0.0804982187414 0.119618582606 
0.505532816179 -0.109937275696 -0.516174726876 -0.764408911863 0.306765389846 0.353304591573 
-0.150775934797 -0.347472231072 -0.700581814552 -0.0659535000133 0.614589665509 0.358537493059 
0.37017621858 -0.504589333339 -0.248678618299 -0.140848133237 0.56756024844 -0.119741964055 
1.2863329614 -0.411516360798 -0.317022071083 0.242829223957 0.390123307211 -0.688533992789 
1.45040045856 0.35268090366 -0.0459532908668 0.560995619906 0.373568324105 -0.285911919632 
1.67196222753 0.346987511584 1.1993210911 0.753611416641 0.494655080099 -0.297452966782 
1.67349072516 0.791473669706 1.84918908157 1.06204180048 0.295609722002 -0.181211328793 
2.0762945247 1.18082434778 2.11750484345 -0.270402079368 -0.0350252734564 -0.18235467883 
0.618972899974 0.17166301582 2.02000287364 -0.970422707757 -0.259618203524 -0.898803503682 
0.35287474951 -0.183592163204 1.03953122015 -1.25153734577 -0.356758754036 -0.478524833315 
0.126304721475 -0.0353923385738 0.532282340511 -0.0726819164714 0.246698738129 0.246649766641 
0.364438791638 0.00228370276936 -0.415318976717 -0.120286275118 0.496249288004 -0.562794147848 
0.241693852026 -0.0490769050683 -0.305507933739 -0.384014834899 0.37854803325 0.156325833781 
0.797725267134 0.323697920876 -0.414284620745 -0.577743553438 0.302691345256 -0.0829363754526 
0.367494661922 -0.179826743566 -0.392604903381 -0.335011569284 0.271479727482 -0.194134286507 
0.294034741161 0.498961367377 -0.336505539002 -0.193961651057 0.444845887121 -0.107713675559 
0.607274913113 0.109727861345 -0.496315757217 -0.326236991151 0.345927915818 0.13381598604 
0.826431616368 0.103735844414 -0.191291924347 -0.610198661261 0.416506348858 -0.00830163171919 
0.879541711545 0.258300055059 0.420361981172 -0.817663936803 0.208766092917 0.0409348723848 
0.454454376487 0.0747630152655 0.893427986217 -0.707106854026 0.233673810331 0.263963969033 
0.122809109187 0.00308945139131 0.605763468053 -0.674105537072 0.015770515484 0.200526606686 
-0.0313661449893 -0.0932800900284 0.0788164469456 0.000104348398934 -0.0910792284814 0.0773201637563 
-0.0846076020338 -0.023586648082 0.00470923373369 0.00110910090713 -0.0503207982938 0.0834399995593 
0.0588747457794 -0.00469223103798 0.00195163957635 -0.078033765647 0.0940949802511 -0.0805022912602 
-0.0387442120185 0.0539564526088 0.0782823481752 -0.00753165266559 0.0123505569271 0.081244443318 
-0.0217746233272 0.0622160739262 -0.281203201165 -0.203016947414 -0.0762280084757 0.0094795953542 
0.0254447351299 0.602174806493 -0.270534829286 -0.936946396916 0.0522038484808 0.0670159370311 
-0.0130489387652 0.409025900325 -0.203184334573 -1.20507990578 0.115761684232 0.0994171187616 
0.321093239842 0.0181819096513 -0.560595445634 -0.559134678117 0.27854546438 0.556040856834 
-0.0471170487239 -0.0797634995742 -0.685591745868 -0.219479971889 0.196213897626 0.440923973555 
0.313043091434 0.0084815694461 -0.339989069556 -0.118041680356 0.210585513796 0.385511319488 
1.41524085905 -0.0547246302397 -0.60561280039 0.155906055256 0.411013517343 0.416602030269 
2.18615231068 -0.190430257419 -0.44189739645 0.0331625285223 0.728441392741 0.106061025649 
2.74050185524 -0.518392007591 0.152135725243 0.289191395008 0.361870731181 0.184252139574 
3.02464637672 -0.748042740313 1.01468692433 0.56134567598 0.0989673947848 -0.0110255263279 
2.533332393 -0.281771637247 1.61504680392 0.358966358524 -0.130826985204 -0.205910987135 
1.49941145688 -0.338761771299 1.62449218314 -0.233746268946 -0.143997528945 -0.508584921483 
1.08966303772 -0.180265458449 0.658890276748 -0.502439330065 -0.114841147504 -0.287841356716 
1.04028079975 0.11952821239 0.244395191043 0.168831621953 0.216808155665 -0.222266646162 
1.01189663652 0.142258193955 -0.140550056802 0.249160339134 0.21308208789 -0.471125081578 
0.66904154 0.627746890135 0.00889359739605 -0.259839631456 0.119960654863 -0.176902454338 
1.01079298622 0.536415400589 -0.0119459400339 -0.455047726769 0.33463973828 -0.623522764929 
0.353720759479 0.246170305046 -0.0155574738427 -0.660140649018 0.190735690615 -0.255775099304 
-0.118908433414 0.788277308028 -0.0416384204373 -0.457972216769 0.463580977179 -0.207525766948 
0.106992554092 0.469598886187 0.361525351987 -0.597191221199 0.356643776631 0.0460061932699 
0.576475304387 0.439131659518 0.56298028464 -0.430524626235 0.315507148507 0.311578576504 
0.755984999297 0.234053460997 0.781627232446 -0.817452083181 0.23842230044 0.225862210113 
0.433287663476 0.26953092861 0.993593475519 -0.563732369652 0.139077274486 0.267827999455 
0.103237707441 0.0168099192978 0.562660315179 -0.303164274336 0.016624249361 0.182601141635 
-0.0742276287423 -0.00782013214854 0.23443822307 -0.0830221814083 -0.0547838861754 -0.0239291195686 
0.0998675049136 0.0807400485878 0.0252822189418 -0.0270033986025 -0.00189803774471 0.000956162944876 
0.0146243032806 -0.0678310497409 0.0947111085909 -0.051886267785 0.0119006056985 -0.00296108165536 
-0.0164337772222 0.0705863858398 -0.0376624717198 -0.00623728971606 -0.0358406203101 0.0743186026355 
-0.0907829173579 0.247055995567 -0.146971461111 -0.0669927845264 -0.0842165186226 0.0493629401494 
-0.0722297682528 0.60345419007 -0.367033128357 -0.728705154674 0.017838642597 0.0511077113361 
0.20255710131 0.428294983144 -0.229215092145 -1.29531628991 0.0653067637025 0.236802701876 
0.41983408523 0.0877075069752 -0.364967725329 -0.73748502503 0.154255469 0.640894419759 
0.31844585468 0.0476701201796 -0.575301521722 -0.325139208589 -0.104258257112 0.759419890742 
0.770238283441 0.402163490687 -0.350827188545 -0.239941994158 -0.0897831549027 0.595059073473 
0.86949777436 0.252305116349 -0.488429852563 0.425890508296 -0.0485810641321 0.729495850244 
1.18045044687 -0.238307351461 -1.15561948029 0.0569469959447 0.233009955825 0.167058029718 
1.49183254651 -0.882125566801 -1.53158257638 0.160082036199 -0.0256552447402 -0.369262010468 
1.69570589528 -0.898913996052 -0.797189807427 0.623958438358 -0.245207296518 -0.465607670218 
1.41054028504 -0.617538988401 0.179799399206 0.831341370723 -0.0405089418564 -0.709033459983 
0.599790613152 -0.153969066204 0.279266317705 0.382220671259 -0.0459030548077 -0.858628671924 
1.05114261296 0.242988298994 0.576677648809 0.324857117131 -0.012777251945 -0.77839543505 
1.24006610098 0.232041622491 0.411744713503 0.404652477522 0.163043528002 -0.859693742121 
0.783162885638 0.72122398288 0.581388941754 0.351193225871 0.105317299974 -0.869551216122 
0.311905519087 0.849139370422 0.268203204886 -0.0396732487666 0.151037395975 -0.592131331937 
0.360802978432 0.695993123495 0.0239432975032 -0.61112226112 0.154457677893 -0.686225649786 
0.176520472467 0.529411981417 0.223534033687 -0.414871183047 0.174302828621 0.00330206903531 
-0.106763968364 0.512669873192 0.232186124945 -0.211877890565 0.477584887554 0.00246830287785 
0.136659417248 0.481924897776 0.317297884786 -0.413225496582 0.407672045322 0.278821088477 
0.375603945036 0.670231828869 0.603777471125 -0.350393599777 0.291791914086 0.390457754292 
0.606075057728 0.431448371895 0.760564764028 -0.651908958899 0.146518201821 0.249908658737 
0.350915639811 0.115752793334 0.935233614663 -0.569494149067 0.131254879178 0.182706227323 
0.100027377098 0.039401735563 0.413614096544 -0.180684840213 0.025506421003 -0.0188336787351 
0.04147895153 0.10682919936 0.141525695381 0.0590798840087 -0.0146856071903 -0.0703118818169 
-0.0280668875764 0.0723267142429 -0.0605191895828 -0.0855106054643 -0.0831505200201 -0.0458691745023 
-0.0277449779922 0.0378380869771 0.01859901599 -0.038312447908 -0.0324358815768 0.0490083335919 
-0.0859627371921 0.038119406332 -0.048503249588 0.0879410362701 -0.00768492584841 -0.00958369839272 
-0.0273512012282 -0.0133755844927 0.0568712917677 -0.0380740357304 0.0721536824468 0.059304093874 
-0.128620480284 0.396456449143 -0.291316788687 -0.55871016169 0.147339621838 0.113264867424 
-0.0123503247681 0.445166888149 -0.211511108859 -0.883642868997 0.190237775835 0.327184477857 
0.489486356825 0.303108636769 -0.393920991275 -0.825649261773 -0.0371162013115 0.668776971682 
0.706479203911 0.592534004048 -0.431055350599 -0.787748824071 -0.183678808633 0.86453942843 
0.527392575297 0.51872442947 -0.486811921768 -0.337637369243 0.191335055425 0.684763747731 
-0.0440743071295 0.206349384387 -0.869896187269 0.029027921983 0.0394181536289 0.615666728797 
0.0641725043061 -0.369354137521 -1.09395907934 0.150818209093 0.369793660336 0.329360474019 
0.162543110552 -0.963704049499 -1.05764408174 0.058925657895 0.197158906777 -0.456973531713 
0.227091078098 -0.992472904397 -0.757571146827 0.486526462583 0.0718470598145 -0.72515035265 
-0.0115404334468 -0.78684655774 -0.303655573731 0.904942821295 0.304224185587 -0.766503729878 
0.360585678357 -0.566319324422 0.21041964274 0.631182597416 0.0282687514947 -0.948019166089 
0.0328161541008 0.0463916560975 0.352426687719 0.602339495937 0.0318379500067 -0.731011773222 
0.775509492649 -0.0762300939977 0.396823058976 0.148254776234 -0.0580848619429 -0.643584595021 
0.132873777968 0.352468897524 0.575042018981 -0.073548147044 0.042463561678 -0.531317326875 
0.118256121443 0.401010065565 0.0913123391287 0.109363659796 0.00275445500343 -0.613785151532 
0.531406439315 0.615590180864 0.355149767291 0.0132242681761 0.0794415190282 -0.204488133839 
0.421352863119 0.534578328862 0.28183675164 0.0220759344548 0.534389527268 0.343428733948 
0.217489254178 0.600355327424 -0.0072501816996 -0.000544501409649 0.724736062249 0.343804072135 
0.0468836304219 0.564963892522 0.127393106511 -0.211366522731 0.597897070802 0.358017069933 
0.205165538997 0.675751669262 0.547549842245 -0.257129511275 0.236602320828 0.524833300827 
0.435299103312 0.247826777142 0.856387677669 -0.405692290713 0.17417756548 0.194096811254 
0.289444188298 0.0587349323912 0.754288676458 -0.36921939529 0.0598926041947 0.0942560728793 
-0.0244527479308 0.079040021948 0.262793843246 -0.0656409273997 -0.041706429311 0.104704585284 
-0.0169665756807 -0.0360400725152 0.0680709400702 -0.0614914672652 -0.0258456975735 0.0399073263644 
-0.0112844836311 0.0648372843945 0.043165130068 -0.0504789587687 0.0919127786249 -0.0815682292897 
0.0459510502866 -0.033083744629 -0.0599723044516 0.0871411032239 0.0934982350539 0.0451006251355 
0.0735667986782 0.0358236491884 -0.00484714430166 0.00031695066927 -0.0641899182041 -0.0878668997157 
0.0586143347371 0.1403785701 -0.0921614620606 -0.101164348345 0.112348927105 0.0295723213008 
-0.065227923585 0.116617943207 -0.239771091251 -0.333367673112 -0.0316436751847 0.0966564528651 
-0.00986732156457 0.515581007627 -0.180803423592 -0.844148364979 0.0106320648821 0.000274919298851 
0.350954875777 0.311699957257 -0.139888110731 -0.874470404634 -0.121912207832 0.322611094241 
0.877526664625 0.468664113629 -0.283887138023 -0.689299003836 -0.295721731664 0.608748062383 
0.517259980358 0.345031167193 -0.334381265451 -0.51781412048 -0.00666377921313 0.89131511469 
-0.196575324026 0.128539937539 -0.5501904864 -0.14105753514 0.109309503849 1.24343658675 
-0.296459835878 -0.137323468329 -0.653274144996 -0.019248180666 0.232361976678 0.962081664123 
0.0350286160885 -0.337019267253 -0.477249588269 -0.148791231891 0.200433442815 0.868375306059 
-0.0562139479686 -0.397328786768 -1.23396675383 0.660234133573 0.343211267866 0.663141106849 
-0.197460664533 -0.40822243333 -1.3420243346 1.06645409342 0.770538048929 0.600289320178 
-0.0582349285861 -0.524692390929 -0.834943987094 0.931120000386 0.25679673221 0.0903495125512 
0.211733101752 -0.28724194261 -0.671505478917 0.499727319748 -0.0224247623364 0.391474051763 
0.383477654425 -0.411599575062 -0.370261623672 -0.281005698561 -0.0133454367685 0.232386614345 
0.0276350882095 0.0012940120408 -0.290671460236 0.00537278629167 -0.536965856556 0.625318554401 
-0.0657571416929 0.262006031641 -0.548041456858 -0.0507913748474 -0.715808229833 0.504293118959 
0.232919679071 0.343504786899 0.0398674129903 -0.0246064362011 -0.143511152863 0.1174844283 
0.311700904871 0.612031186836 -0.210441074734 -0.048809449336 0.483561351421 0.236796647866 
0.0536201455685 1.08960065279 -0.329563198684 0.00478273259816 0.534815412762 -0.0140028764299 
-0.0155748284445 0.76159422636 0.172276545104 -0.00863514185182 0.277635341312 0.155114550881 
0.0704689888533 0.418133519811 0.32763753674 -0.151421717932 0.156929924706 0.372097104127 
0.125887671515 0.329335953603 0.447675746387 -0.151442426514 0.17432254078 0.243857685516 
0.0539111453494 0.0701504185522 0.279987184175 -0.150568526219 -0.00326895522441 0.0266869114363 
0.00588179115122 -0.0909457118262 0.0821108198616 0.0155719570975 -0.0402151110485 -0.0158450896218 
-0.0207868017367 -0.0644129243336 0.0432750887466 -0.00560473764237 0.0788155387443 -0.0141320517561 
-0.0393853411512 -0.0183252108678 0.0988557479054 0.0994987951857 0.0914434341486 0.0850964201818 
-0.025296245827 -0.00968241530812 -0.0875020458515 -0.0186473348617 -0.0904520948609 -0.032272409475 
0.0526119983002 -0.0885860500407 0.0738778175797 -0.0625041706674 0.0555992896741 -0.00507089090041 
0.0443380460929 0.11894869542 -0.0572218889581 0.00292600106295 0.00245953293477 0.0524110804036 
-0.0182429573768 0.153873869842 -0.209758911304 -0.193357467695 -0.0118134288981 0.0386503834479 
-0.0785335965597 0.109350844782 -0.0711085653388 -0.439672648342 0.0755675603841 0.10513777029 
-0.226523470506 0.235803381621 -0.202838353354 -0.690482520615 -0.116703471814 0.278458076343 
-0.00080134538527 -0.0517259081943 -0.416821338855 -1.02315854438 -0.371478488524 0.410645880403 
0.133455399991 -0.0312375460919 -0.503245967033 -0.57904747893 -0.194565382739 0.323010668288 
-0.047095699111 0.0170627203308 -0.433055930031 -0.362920757601 0.188705800998 0.660444918263 
-0.184667416992 -0.134866913832 -0.489139421119 0.00751201166048 0.162460777497 0.750318125721 
0.12844876673 -0.393703091093 -0.877379156528 0.372813108816 0.217977508481 1.18683682404 
0.632287662969 -0.64681875413 -1.1844513285 0.670040637504 0.295278320053 1.3506950432 
0.459813315918 -0.479463420705 -1.23722806042 0.465885445959 0.344957878011 1.24495168663 
0.242865351142 -0.447094936005 -1.04169083887 0.432720780523 0.17559250689 1.02868933779 
0.234722798211 -0.356810940585 -0.674779662234 0.803293975547 0.298616558675 0.685969786995 
0.416255147889 -0.0930421730283 -0.377530719066 0.309320889977 -0.171671480399 0.891378127814 
0.35393831876 -0.0647274734773 -0.713548690823 0.448765439215 -0.510677609879 0.551401227046 
0.521030376187 0.180425159012 -0.542984932041 0.146343406948 -0.549681112704 0.206915304249 
0.280274807475 0.551133512766 -0.587695804383 -0.0570389944125 0.204815306644 -0.260272201682 
0.0903488696675 0.974744125719 -0.52632947631 0.076167921292 0.301514106762 0.00363914001852 
-0.117124458691 0.898627313249 -0.585937284842 0.288160008659 0.345676675147 -0.2042483987 
-0.00453118681177 0.536388250984 -0.082024919926 0.345553336938 0.265093906884 -0.0312441768735 
-0.108522473484 0.423179290966 0.0503766899423 0.176187948255 0.142470559425 0.025067399924 
-0.12425480399 0.276017669915 0.175889801553 0.145243861366 -0.0536825188633 0.11848881044 
-0.0354278803843 0.0814349471966 0.0132423985616 0.0084809678733 -0.106152979467 -0.00139318434858 
0.00522639340422 -0.0414216364064 -0.0344342852461 -0.0675140488712 -0.140213588005 0.0433012123626 
0.0526711377952 0.0394211429332 -0.060966376703 0.0148482275392 0.0270783097898 -0.073257412016 
0.0204553295194 -0.0735464170437 0.077775668649 0.0639458209777 -0.0808276131315 0.0922803137727 
0.0672336926055 0.0513353205522 0.0429662423229 -0.0141447900587 0.088607831242 0.00422977752378 
0.0248758648412 -0.064798638301 0.0974363311048 0.0972552762811 0.0280720093112 -0.0165548506391 
-0.015369673329 0.01835013823 -0.0243208660919 -0.0229381431923 -0.0647087180136 0.0733193021004 
-0.170229903819 -0.0675621414956 -0.0548252783504 -0.0678923696883 0.079242643989 0.0870514102183 
-0.261338281151 -0.0543503234964 0.0304584898055 -0.0550525940661 0.00348710320562 0.0639142777284 
-0.389275672854 -0.202951642521 0.150505071303 -0.352528251116 0.0106373396074 0.212159611918 
-0.483749231198 -0.27087678123 -0.0775803261403 -0.669985928864 -0.059620547349 0.0451155629934 
-0.786569675883 -0.360099277204 -0.363312411834 -0.481732729377 -0.0147142559012 0.0519660944621 
-0.494420646029 -0.262807260501 -0.0755875336148 -0.4390984441 0.33273549272 0.209923116651 
-0.259847871146 -0.0159358436279 -0.362255099382 -0.234763002496 0.395971685582 0.324616322448 
0.297077582817 0.0415066580822 -0.5451433794 0.171376151386 0.652722124538 0.235196977881 
0.825306252468 0.0706388947258 -0.533614838744 -0.197189837953 0.807973395588 0.352233535563 
0.885794848488 0.00860451065002 -0.281802384525 -0.0272805130912 0.599580993669 0.236084626317 
0.666796663667 -0.0010193034972 -0.418077556541 -0.372958565098 0.517426504073 0.544727425389 
0.914766149408 -0.0655412992153 -0.559504477576 -0.266174597311 0.665429334322 0.102538352307 
1.15667470525 -0.0994084468564 -0.262834683265 0.242686367575 0.495133622677 0.4354688182 
0.883958739963 0.107955216053 -0.365215701511 0.241438601402 0.239550713678 0.214910642332 
0.389008243253 -0.0697345016259 0.0821668831925 0.411229885854 0.132200096519 0.0662237176741 
0.117370237155 0.307138024284 -0.125078689657 0.76283367545 0.159974303873 -0.0283787158204 
-0.0971024319602 0.702978641389 -0.418165799312 1.07725533849 0.00325313750648 0.182060573487 
-0.0374108190389 0.523289841795 -0.260601683197 0.930526546995 0.199372217724 0.176922957526 
-0.173132811216 0.173171026017 -0.058569304282 0.621827474052 0.154338983668 0.348240237245 
-0.240193514538 0.275008686857 -0.164724286034 0.380239245268 0.00795468095896 0.194177062319 
-0.21656426688 0.198218084837 0.0117622411275 0.113833293963 -0.0595447489348 0.0309045162419 
0.0435399470068 0.126879387713 -0.0678773032375 -0.0586486135822 -0.0771498225921 -0.0694246416787 
0.144710817907 -0.0118168359433 0.0659135831534 -0.0741426174912 -0.0887908617854 0.0501418085785 
0.0378967562538 -0.0103714660046 -0.083068875027 -0.0881968660187 0.0893103307119 -0.0581697528599 
0.0902206005281 -0.0695083001153 -0.0570667843051 -0.0598189813127 -0.0744360377721 -0.0867921046193 
0.0618120785465 0.0312421306046 -0.0816453721967 -0.0633516167102 -0.0842583561371 -0.0559328218214 
0.0837224959301 0.093714338026 -0.0562924949724 -0.08914747242 -0.01254474965 -0.0756345717429 
-0.0387265476422 0.101308763989 0.0794617222025 0.0779206301499 -0.0431260703355 -0.0275531946771 
0.00255536373815 -0.0198957756239 -0.0664703375791 0.0270905483957 0.0732524244348 -0.0152649993169 
-0.0437439003593 0.00947779834382 0.0557179337128 -0.00352553617044 -0.0329293819064 0.0419747523789 
-0.2552395491 -0.18749837243 0.133217812706 -0.148254042171 0.036530553958 0.0608775614277 
-0.397864705935 -0.225658627429 0.0670089940434 -0.242248395903 0.0826657283634 -0.00828694150251 
-0.987779536611 -0.451917044845 0.244908364905 -0.300899967985 0.235980592303 0.155914244149 
-1.2373185881 -0.222406438768 0.758236988762 -0.532487349145 0.150716618909 0.393240892437 
-1.46521821508 -0.206730933567 1.11019744099 -0.667802459136 0.19215984263 0.565484799004 
-1.08352264042 -0.109303825446 0.935068410783 -0.596293774933 0.419690700047 0.435347623344 
-1.26449771279 -0.223110480773 0.870579087501 -0.659950383744 0.576898480724 0.714454559224 
-1.12569270698 -0.209493948396 1.04774409743 -0.739642075886 0.457446963877 0.67569578372 
-0.955790650412 -0.492174686445 1.10246432196 -0.615672152916 0.534351158742 0.905163809173 
-0.816323707711 -0.96479242302 0.700820198163 -0.310500589509 0.607316396923 0.666770038548 
-0.327647114441 -0.926438315022 0.295086029327 -0.0303941130425 0.515434371687 0.618341132312 
-0.422073009196 -0.46187167547 0.348954250252 0.300413117984 0.254613717467 1.26665575066 
-0.441070222354 -0.293232611159 0.499350000905 0.336723973013 0.107429866487 1.2518971686 
-0.336341482394 -0.207625203084 0.45436428841 0.597985132838 0.00965755791529 1.27681773348 
-0.210357432979 0.105947545991 0.304309420337 0.694407774958 0.0145246549642 0.699453953031 
-0.172316612181 0.273357159657 0.2829106927 0.595285601761 -0.0868772459156 0.541241233798 
-0.185641208187 0.0472882103634 0.184521161275 0.458757180873 -0.0927379614794 0.615192688708 
-0.110046021954 0.159589693099 -0.121264877952 0.223469012718 -0.00232097096765 0.189267462827 
0.0452747253862 0.0294969373928 -0.029228591177 -0.0108913947459 -0.032708855981 0.1281332895 
0.0160779576984 0.0748271370028 0.0993949455832 0.0212778170774 -0.0246895354795 -0.0465259110227 
0.064515850073 -0.0681508935836 0.0479678361102 0.0574622046455 0.0347565818614 -0.0103319273264 
0.0225150758683 0.0541344086866 0.0329433271481 0.085024706812 0.0861230595741 0.0923111246168 
0.0406203310573 0.0638362481957 0.0435865048746 0.0639939417935 -0.0289868456847 0.079016621537 
-0.0953282175325 0.0402468439138 0.0785515046322 0.0941200636308 0.0977904779074 0.0530910794952 
0.0404007814863 -0.00317743830972 -0.0589978611275 -0.00953444544445 0.0732784401618 0.0360048710991 
0.0654865784764 0.0942984553316 0.0449859634025 0.0947364336653 -0.0691927281702 0.0835680253038 
-0.0820257158633 0.0497237792627 -0.0660032489628 -0.0159693701783 -0.0247633392072 0.0304986446195 
0.0654368627737 -0.0911694739692 -0.0437407318961 -0.0930626070022 -0.076533852111 0.0908600358423 
-0.0932422851258 -0.177551534458 0.00934229887699 -0.0218500490822 -0.0300680296453 0.0899450047094 
-0.129541834536 -0.137852021498 0.154394948127 -0.0239089204073 -0.0197005540899 -0.0184517678491 
-0.350567169239 -0.00521978603799 0.227138244668 -0.0701457568887 0.0613445221864 -0.0022800672796 
-0.258550496581 -0.021177443125 0.456859088349 -0.334855172258 0.04975209249 0.161477247292 
-0.347456951486 -0.302492273908 0.612497388434 -0.343570194295 0.0656235219139 0.22936242846 
-0.467297390051 -0.289642097519 0.526304285425 -0.279655406525 0.14985443568 0.386646733315 
-0.558641083123 -0.202941586828 0.55226563642 -0.391787658686 0.143525892034 0.541086927629 
-0.45934654154 -0.0721124675083 0.492615467134 -0.21914966496 0.151879126817 0.497361662505 
-0.351820406363 -0.134767388455 0.44826638713 -0.083817654838 0.202600811812 0.669461904915 
-0.350839164706 -0.451298371792 0.629704947647 -0.0961337668177 0.137276590861 0.851281709025 
-0.163174652017 -0.446939139889 0.426876790985 -0.174786322534 0.141904307283 0.653370278309 
-0.183932243744 -0.394520094472 0.328767511614 -0.211415903249 0.093267736527 0.828232871663 
-0.0609608707868 -0.344083425659 0.194743849437 -0.168349812875 -0.0335576119381 0.733263735325 
-0.111206650894 -0.172265693169 0.295213396953 0.102079744765 -0.0811035082933 0.564803572447 
-0.0859505495313 -0.016433202441 0.0770897840592 0.167320599951 -0.0977892318486 0.493764982722 
-0.04742413966 0.177022160576 0.0178513053367 0.252285578087 -0.0385443585583 0.21741621194 
-0.154526796065 0.0975705767995 -0.0528582054575 0.0808627854029 0.0718066818476 0.259399527238 
-0.0600572964586 -0.0233472330229 0.030391841781 -0.0707431401548 0.0722802016314 0.0806933272142 
0.0943333764442 0.0584571831126 0.0403893067112 -0.0650480375885 -0.00988048855536 0.0463002741915 
0.0325150963158 0.0165434583944 -0.0443296696114 0.0949660555601 -0.0915129581092 0.0291548877498 
0.0218827221204 0.0565154589764 0.0731184814648 0.0980620976201 -0.00379167207137 0.0706391962451 
-0.0610747841452 0.0935866720171 0.0444798653599 0.0601722522749 0.0585044044889 -0.0690074156511 
0.0978290729977 -0.0340159425467 -0.0725849858737 0.0766545440743 -0.0583883647407 0.0670547238249 
-0.0448047471351 0.0381431690183 0.0368813159653 0.0358941915605 -0.0430198337148 -0.066758779178 
-0.0832657563328 -0.0264054699372 0.0680941691066 -0.00327022515014 0.0663169364225 -0.00573948180644 
-0.04354111783 -0.0795823378383 -0.0699179489594 -0.0732692127349 -0.0881264825627 0.028858268951 
0.0982666153516 -0.0171002299559 -0.0264106884589 0.0288773932485 0.0376582072647 -0.0596148522859 
-0.0170757372924 0.0677039894723 0.0215193131511 -0.0919711699234 -0.0237917823991 -0.0136346276 
0.0807667165936 -0.0300611762859 0.0469481029408 -0.0923571231226 0.0442874241594 -0.0912398459676 
0.000470871086318 0.00348387259371 -0.0941781304716 0.0945709152163 -0.0799601354436 0.0751992619447 
-0.0186815765104 0.0674581301821 -0.0667009324421 0.063155760884 0.0996135743117 0.0426722869226 
-0.0289089335949 -0.136641992233 -0.0144056657118 -0.00188276245702 0.0612779017596 -0.0206641835359 
-0.0606686462385 -0.0619651236252 0.0941682428024 -0.0288537294922 0.0499749333262 0.0847930505708 
-0.0979776400715 -0.0228130070095 0.0246774026405 -0.108655350951 0.0512583778026 0.0389759721034 
-0.0675126652006 -0.0864635756328 -0.0839637175055 -0.105540316003 -0.0752487918978 -0.0216560873166 
-0.0227074961017 -0.12137774076 0.0262488511998 -0.0598139134128 0.091170138628 0.0105857643381 
-0.043772498847 -0.181196443187 0.20894962064 -0.0623886985517 -0.0703986459086 0.177934188509 
-0.0902221792224 -0.159009867799 0.141320235623 -0.153753281294 -0.0660498266394 0.243012507415 
-0.089596282924 -0.0757718981981 0.171329515039 -0.0937958994799 -0.0246116449119 -0.0283985740887 
0.0356193688715 -0.00943165407896 0.0405644959216 -0.0305306820816 0.0693005874923 -0.0461666128724 
-0.0186259231963 -0.0260248566177 0.0362142643917 -0.102350684606 0.00971780382051 -0.00946412351463 
0.0748283116664 -0.121083911714 0.0453413336244 0.052400057778 -0.058385167353 0.12667038718 
-0.0831977543501 0.000921139984481 0.0765044836492 0.0387366924384 -0.0131828709425 0.0767853007197 
0.0297321716589 -0.037418390287 -0.0413744520615 -0.00455209530524 0.0394227554911 0.0365239284412 
0.00311586051026 -0.066141331807 0.0648240865437 0.011352163679 -0.050563231611 0.0724914580338 
-0.00430181750728 -0.0599019556711 -0.0544996661415 -0.0365875211906 0.0684610474331 -0.00448254219895 
-0.0248085235821 -0.0100731563872 0.041707326351 -0.0543221221322 0.0139510000156 0.0647976311522 
0.0677733148036 -0.0711566495744 -0.00830753579477 -0.0623939723465 0.0465545640982 0.0379665133772 
-0.0259805082811 -0.0523096341315 0.0661696997356 0.0398895390198 0.00164136308685 0.0130965654004 
0.0404053052548 0.0944965782703 0.0037777244426 -0.0921300289084 -0.0856952533769 0.0603756817377 
0.0616219396093 0.0938326090509 -0.0200761051441 0.023137657755 0.0399786396341 0.0477269520818 

2.75999774074 1.71455056985 3.966929221 -1.99208450533 -5.77871282896 -3.5092972149 5.07018233398 -5.65652069305 3.78150956109 -6.82278814519 -7.0946134606 0.63984210723 0.471963449614 2.12760088418 1.23169282313 3.16486666856 -0.742388313722 -5.32015855532 3.86056825446 4.06026301065 -4.01859024982 1.56824043538 2.87206563263 -4.38253972164 3.785103404 -6.41878935101 1.28393973746 5.11248234578 -0.691435142909 4.10043756477 3.58930574908 -2.03710975639 -5.3605564392 -5.51684691689 0.759583749714 4.07488786221 3.73552418849 -2.5760746031 3.60058477989 3.01130365624 -1.17898792236 -7.02958873081 5.04580928539 2.51735507965 -1.47835266747 -1.64974509411 -2.27874504248 -0.176830772498 0.451606650307 -3.04772997922 1.59398697261 0.726519010385 -0.25862454763 0.317770219317 -5.2550551165 -1.24300874738 -6.61268586926 1.11726975873 3.45830606701 4.29530702576 
